0 1
1 14
2 147
3 1408
4 13013
5 118482
6 1071799
7 9668036
8 87099705
9 784246870
10 7059619931
11 63542171784
12 571901915677
13 5147206719578
14 46325218390143
15 416928397167052
16 3752361301126529
17 33771274616631004
18 303941563175648064
19 2735474435084707840
20 4322724616944272384
21 -1155845605932462080
22 6071962481080877056
23 4797554810055294976
24 332566486029697024
25 -3284824511005851648
26 5321063776475152384
27 1855430269918511104
28 -1675814050405023744
29 5679039130114195456
30 3746994889972252672
31 -3458764513820540928
32 0
33 0
34 0
35 0
36 0
37 0
38 0
39 0
40 0
41 0
42 0
43 0
44 0
45 0
46 0
47 0
48 0
49 0
50 0
51 0
52 0
53 0
54 0
55 0
56 0
57 0
58 0
59 0
60 0
61 0
62 0
63 0
64 0
65 0
66 0
67 0
68 0
69 0
70 0
71 0
72 0
73 0
74 0
75 0
76 0
77 0
78 0
79 0
80 0
81 0
82 0
83 0
84 0
85 0
86 0
87 0
88 0
89 0
90 0
91 0
92 0
93 0
94 0
95 0
96 0
97 0
98 0
99 0
